[gd_scene load_steps=2 format=3 uid="uid://cci37y55kkok8"]

[ext_resource type="PackedScene" uid="uid://bu0ifpwoj8ats" path="res://Button.tscn" id="1_nksux"]

[node name="Node3D" type="Node3D"]

[node name="Button" parent="." instance=ExtResource("1_nksux")]
transform = Transform3D(1, 0, 0, 0, 1, 0, 0, 0, 1, -0.908479, -0.213407, 0.154996)

[node name="CSGBox3D" type="CSGBox3D" parent="."]
transform = Transform3D(1, 0, 0, 0, 1, 0, 0, 0, 1, 1.38217, 1.80015, 7.43725)
flip_faces = true
size = Vector3(6.07391, 4.0614, 16.1138)

[node name="Button2" parent="." instance=ExtResource("1_nksux")]
transform = Transform3D(1, 0, 0, 0, 1, 0, 0, 0, 1, -0.958432, -0.202557, 1.43763)

[node name="Button3" parent="." instance=ExtResource("1_nksux")]
transform = Transform3D(1, 0, 0, 0, 1, 0, 0, 0, 1, -1.06142, -0.196225, 2.73746)

[node name="Button4" parent="." instance=ExtResource("1_nksux")]
transform = Transform3D(1, 0, 0, 0, 1, 0, 0, 0, 1, -1.22988, -0.238336, 4.0254)

[node name="Button5" parent="." instance=ExtResource("1_nksux")]
transform = Transform3D(1, 0, 0, 0, 1, 0, 0, 0, 1, -1.15095, -0.204673, 5.29651)

[node name="Button6" parent="." instance=ExtResource("1_nksux")]
transform = Transform3D(1, 0, 0, 0, 1, 0, 0, 0, 1, -1.19985, -0.231556, 6.54524)

[node name="Button7" parent="." instance=ExtResource("1_nksux")]
transform = Transform3D(1, 0, 0, 0, 1, 0, 0, 0, 1, -1.19433, -0.2547, 7.91708)

[node name="Button8" parent="." instance=ExtResource("1_nksux")]
transform = Transform3D(1, 0, 0, 0, 1, 0, 0, 0, 1, -1.20072, -0.242679, 9.29875)

[node name="Button9" parent="." instance=ExtResource("1_nksux")]
transform = Transform3D(1, 0, 0, 0, 1, 0, 0, 0, 1, -1.17997, -0.238445, 10.6205)

[node name="Button10" parent="." instance=ExtResource("1_nksux")]
transform = Transform3D(1, 0, 0, 0, 1, 0, 0, 0, 1, -1.21445, -0.230211, 11.7742)

[node name="Button11" parent="." instance=ExtResource("1_nksux")]
transform = Transform3D(1, 0, 0, 0, 1, 0, 0, 0, 1, -1.22853, -0.289262, 12.9681)

[node name="Button12" parent="." instance=ExtResource("1_nksux")]
transform = Transform3D(1, 0, 0, 0, 1, 0, 0, 0, 1, -1.16696, -0.233072, 14.3785)

[node name="Button13" parent="." instance=ExtResource("1_nksux")]
transform = Transform3D(-0.996217, 0, -0.0868948, 0, 1, 0, 0.0868948, 0, -0.996217, 4.11746, -0.262392, 0.505884)

[node name="Button14" parent="." instance=ExtResource("1_nksux")]
transform = Transform3D(-0.997977, 0, -0.0635744, 0, 1, 0, 0.0635744, 0, -0.997977, 4.18425, -0.29182, 1.75215)

[node name="Button15" parent="." instance=ExtResource("1_nksux")]
transform = Transform3D(-0.995549, 0.0380739, -0.0862064, 0.0379319, 0.999275, 0.00328459, 0.086269, 0, -0.996272, 3.97516, -0.290245, 3.18718)

[node name="Button16" parent="." instance=ExtResource("1_nksux")]
transform = Transform3D(-1, 0, -8.74228e-08, 0, 1, 0, 8.74228e-08, 0, -1, 4.02677, -0.311315, 4.3934)

[node name="Button17" parent="." instance=ExtResource("1_nksux")]
transform = Transform3D(-0.999842, 0, 0.017749, 0, 1, 0, -0.017749, 0, -0.999842, 4.08223, -0.288798, 5.55295)

[node name="Button18" parent="." instance=ExtResource("1_nksux")]
transform = Transform3D(-0.999959, 0, -0.00902322, 0, 1, 0, 0.00902322, 0, -0.999959, 4.0751, -0.268324, 6.83097)

[node name="Button19" parent="." instance=ExtResource("1_nksux")]
transform = Transform3D(-0.998375, 0, -0.056989, 0, 1, 0, 0.056989, 0, -0.998375, 3.86325, -0.280907, 8.14627)

[node name="Button20" parent="." instance=ExtResource("1_nksux")]
transform = Transform3D(-0.999926, 0, -0.0121296, 0, 1, 0, 0.0121296, 0, -0.999926, 3.90577, -0.234984, 9.33202)

[node name="Button21" parent="." instance=ExtResource("1_nksux")]
transform = Transform3D(-0.994875, 0, -0.101108, 0, 1, 0, 0.101108, 0, -0.994875, 3.90148, -0.261401, 10.5052)

[node name="Button22" parent="." instance=ExtResource("1_nksux")]
transform = Transform3D(-0.999162, 0, -0.040934, 0, 1, 0, 0.040934, 0, -0.999162, 3.98374, -0.248175, 11.6895)

[node name="Button23" parent="." instance=ExtResource("1_nksux")]
transform = Transform3D(-0.999932, 0, 0.011676, 0, 1, 0, -0.011676, 0, -0.999932, 3.9132, -0.271716, 12.8445)

[node name="Button24" parent="." instance=ExtResource("1_nksux")]
transform = Transform3D(-0.999501, 0, 0.0316028, 0, 1, 0, -0.0316028, 0, -0.999501, 3.77439, -0.253389, 14.075)
